0:     2 9 13 6 3 4 10 8 5 11 7 1 12 0
1:     11 9 0 1 12 7 5 3 8 4 6 10 2 13
2:     9 1 5 6 7 11 8 0 3 13 10 12 2 4
3:     13 10 4 6 2 3 7 12 1 5 8 11 0 9
4:     0 10 6 12 9 13 2 8 5 4 7 3 11 1
5:     12 0 11 2 5 8 3 13 9 4 1 6 10 7
6:     2 7 6 8 5 9 0 12 11 4 13 1 3 10
7:     8 12 6 11 9 0 2 10 4 13 7 3 1 5
8:     13 5 2 9 1 10 3 11 8 0 7 4 12 6
9:     13 0 9 6 7 4 3 5 11 1 8 2 12 10
10:    6 4 10 12 11 7 2 1 9 13 3 5 8 0
11:    7 3 6 10 4 9 2 0 11 1 8 13 12 5
12:    7 13 12 1 6 0 3 8 4 2 11 9 10 5
13:    13 5 8 6 10 4 1 9 0 2 3 12 11 7
14:    8 9 1 4 6 12 2 13 10 7 11 0 5 3
15:    4 0 13 7 8 6 5 9 12 10 2 1 3 11
16:    12 1 11 0 7 9 6 5 2 10 3 4 8 13
17:    7 9 4 11 2 0 1 10 12 6 13 3 5 8
18:    10 12 3 9 2 8 1 6 7 0 5 13 4 11
19:    13 7 6 9 12 4 5 2 8 11 3 0 1 10
20:    7 3 10 1 9 11 13 12 5 0 4 8 6 2
21:    1 12 13 9 3 2 8 7 11 10 5 0 4 6
22:    4 9 3 5 12 2 7 6 0 10 11 13 1 8
23:    12 9 10 0 13 8 6 7 4 11 1 5 2 3
24:    8 12 6 1 4 5 7 13 2 11 10 0 9 3
25:    2 12 4 3 8 11 13 10 0 6 5 7 9 1
26:    0 9 11 4 7 2 13 6 10 3 5 8 12 1
27:    0 11 1 2 7 4 9 12 13 8 5 3 10 6
28:    7 2 1 4 0 9 5 11 8 3 12 6 10 13
29:    8 0 4 2 1 5 6 10 13 12 3 9 7 11
30:    4 5 7 11 10 2 13 0 3 1 8 6 12 9
31:    6 3 0 2 4 7 10 12 8 1 5 11 13 9
32:    4 3 10 9 6 13 8 1 2 0 7 12 11 5
33:    13 6 8 5 0 4 10 2 12 1 9 3 7 11
34:    10 7 4 3 12 6 1 13 5 8 11 0 2 9
35:    2 13 9 7 6 1 5 10 11 4 8 12 3 0
36:    11 9 3 5 1 10 2 8 12 6 13 7 4 0
37:    3 11 8 12 2 0 6 4 5 7 1 9 10 13
38:    11 13 0 7 8 3 2 1 10 9 5 6 12 4
39:    6 5 1 8 10 7 0 9 3 4 13 2 12 11
40:    4 10 2 1 13 0 9 6 5 11 7 8 3 12
41:    6 3 0 12 8 4 2 13 9 7 11 5 10 1
42:    13 9 3 7 6 2 5 4 12 1 8 10 11 0
43:    3 7 13 0 11 5 1 10 4 2 9 8 12 6
44:    3 9 12 13 6 7 10 0 5 2 1 11 4 8
45:    13 4 0 7 5 8 6 10 2 12 3 11 9 1
46:    12 5 9 10 8 2 6 0 7 4 3 11 1 13
47:    10 1 12 9 11 3 6 7 5 2 8 0 13 4
48:    6 4 12 2 9 0 1 8 10 7 3 13 5 11
49:    0 8 13 9 7 3 2 4 5 1 11 6 12 10
