(-0.00170586,-0.262581)-(0.409759,-0.190639)
(-0.00209158,-0.517549)-(0.21136,-0.186752)
(-0.00609674,0.182706)-(0.318998,0.488648)
(-0.0271137,-0.380234)-(-0.233445,0.365096)
(-0.0568043,-0.520447)-(0.320564,-0.334248)
(-0.0788244,-0.0460463)-(-0.0792841,-0.228254)
(-0.102268,-0.0867945)-(-0.184783,-0.152928)
(-0.158974,-0.142114)-(-0.874619,-0.0197956)
(-0.161155,0.179433)-(-0.665939,0.196555)
(-0.166254,0.138667)-(0.224092,-0.0586966)
(-0.181242,0.406662)-(0.107519,-0.0984525)
(-0.225056,-0.0784259)-(-0.901213,-0.0386606)
(-0.226726,-0.069151)-(-0.338046,-0.103042)
(-0.251012,-0.32264)-(-0.163907,-0.178298)
(-0.262237,-0.409238)-(0.165388,-0.422246)
(-0.309646,0.153195)-(0.988113,0.382836)
(-0.362425,0.072723)-(-0.803305,-0.561514)
(-0.373962,-0.413019)-(0.49273,0.25971)
(-0.378022,-0.186793)-(-0.359062,-0.195056)
(-0.387136,-0.0595238)-(-0.813314,-0.559924)
(-0.426633,-0.222893)-(-0.166463,-0.191154)
(-0.522531,-0.151221)-(-0.114788,0.434109)
(-0.524198,0.307799)-(0.184029,0.0305203)
(-0.580022,-0.00625674)-(-0.919746,0.445127)
(-0.588757,-0.430541)-(0.33229,0.205083)
(-0.601434,0.0417977)-(0.207916,-0.173141)
(-0.629323,0.26162)-(0.147771,-0.152977)
(-0.634203,0.558657)-(-0.397805,0.111045)
(-0.649527,0.481498)-(0.297083,0.00660302)
(-0.6732,0.302642)-(-0.502576,-0.12338)
(-0.677528,0.143775)-(0.100349,-0.281941)
(-0.734094,0.0763978)-(-0.907643,0.509487)
(-0.75748,-0.212239)-(0.143583,-0.487383)
(-0.862436,-0.0110219)-(-0.0841976,-0.514807)
(-0.872762,-0.0251957)-(0.281503,-0.111528)
(-0.874876,-0.0088816)-(-0.657895,0.47688)
(-0.878048,-0.0197956)-(-0.493034,0.20119)
(-0.882183,0.291149)-(0.920766,-0.568177)
(-0.892892,-0.0107519)-(0.467914,-0.539783)
(-0.893288,-0.0376017)-(-0.454793,-0.0220285)
(-0.914079,-0.076451)-(-0.311587,-0.183883)
(-0.915578,0.528245)-(0.222362,0.048458)
(-0.927082,0.201405)-(0.501759,-0.219628)
(-0.952582,0.527055)-(0.13293,-0.216198)
(-0.971311,0.353983)-(0.122387,-0.264369)
(0.0270011,-0.488912)-(-0.22046,0.413445)
(0.030506,-0.125375)-(0.834598,0.504066)
(0.032302,0.0413686)-(0.184418,-0.202655)
(0.0412711,0.231748)-(0.204105,-0.178455)
(0.0741364,-0.406073)-(-0.480894,0.483367)
(0.0748724,0.00354644)-(0.139445,-0.169626)
(0.0831379,-0.387159)-(-0.927628,0.213022)
(0.0939293,-0.314769)-(-0.382731,-0.391334)
(0.0986408,-0.201879)-(0.482174,-0.355548)
(0.103442,-0.153757)-(-0.17615,0.356647)
(0.106311,-0.335969)-(0.141712,-0.194997)
(0.116558,-0.166426)-(0.0956973,-0.235389)
(0.117995,-0.25306)-(-0.625439,-0.206257)
(0.120387,-0.264969)-(0.121587,-0.162684)
(0.122071,-0.443799)-(-0.584483,0.0996568)
(0.126579,0.000101572)-(0.0242691,0.457177)
(0.128504,-0.451797)-(0.821987,0.454509)
(0.133559,-0.304883)-(0.127016,-0.189112)
(0.135128,-0.249908)-(0.0257231,-0.193159)
(0.146495,-0.159718)-(-0.141169,-0.102599)
(0.147016,-0.174169)-(0.0808661,0.428189)
(0.164281,-0.534645)-(0.848331,0.512345)
(0.166152,-0.0726978)-(0.539042,0.0953913)
(0.168418,-0.207312)-(0.0719607,-0.205888)
(0.170153,-0.341993)-(-0.277706,-0.498223)
(0.17491,-0.208129)-(0.181478,0.0272914)
(0.17657,-0.0236699)-(0.0917579,-0.308912)
(0.183561,-0.197027)-(0.272067,-0.0138253)
(0.183713,-0.192949)-(0.169925,-0.310745)
(0.19179,0.0550586)-(0.193705,0.0589158)
(0.196592,0.418968)-(0.246647,0.204285)
(0.197619,0.0432583)-(0.327104,0.217875)
(0.203039,0.0580858)-(0.228679,-0.395921)
(0.206522,0.00938332)-(0.20259,-0.192741)
(0.215595,0.194141)-(0.0625127,0.221179)
(0.226734,-0.221884)-(0.751575,-0.0849913)
(0.226856,0.0785787)-(0.122973,-0.238463)
(0.227634,0.170333)-(0.220276,-0.294197)
(0.228562,-0.313731)-(0.227421,-0.385883)
(0.252533,0.216027)-(-0.00399073,0.190972)
(0.258363,0.195054)-(0.188419,0.0472872)
(0.265235,0.049976)-(0.0797384,0.294439)
(0.283368,0.516759)-(0.127587,-0.231426)
(0.412286,-0.277595)-(0.0558763,0.207366)
(0.45753,-0.314928)-(0.131216,-0.247998)
(0.531359,-0.068413)-(0.0978662,-0.229276)
(0.607962,0.0607992)-(0.744312,-0.457399)
(0.6521,-0.16592)-(-0.405507,0.337516)
(0.661542,-0.459384)-(-0.563769,-0.103958)
(0.665027,-0.565176)-(-0.202637,0.0296362)
(0.794743,0.240688)-(-0.637776,0.476506)
(0.865697,0.209253)-(0.884892,-0.119212)
(0.880993,-0.29489)-(0.106631,-0.393374)
(0.881264,-0.341693)-(0.170133,-0.202836)
(0.93136,0.036758)-(-0.0492589,-0.0569609)
