0:     (0) 4 1 (1) 11 10 7 (2) 8 3 2 (3) 12 9 6 5
1:     (0) 12 10 3 2 1 (1) 11 7 5 (2) 6 (3) 9 8 4
2:     (0) 4 (1) 10 9 7 3 1 (2) 12 11 8 6 2 (3) 5
3:     (0) 8 6 5 1 (1) 11 10 3 (2) 7 (3) 12 9 4 2
4:     (0) 10 (1) 12 11 8 7 (2) 3 2 (3) 9 6 5 4 1
5:     (0) 7 2 (1) 8 5 (2) 12 10 9 3 1 (3) 11 6 4
6:     (0) 10 (1) 9 7 (2) 12 11 8 5 3 2 (3) 6 4 1
7:     (0) 12 11 9 6 (1) 2 (2) 7 5 (3) 10 8 4 3 1
8:     (0) 4 2 1 (1) 6 (2) 12 11 10 9 8 7 5 3 (3)
9:     (0) 12 4 (1) 11 10 9 2 (2) 6 3 (3) 8 7 5 1
10:    (0) 10 8 5 (1) 12 11 9 6 (2) 4 2 1 (3) 7 3
11:    (0) 4 3 (1) 8 6 5 (2) 11 9 2 (3) 12 10 7 1
12:    (0) 7 5 4 (1) 9 6 3 (2) 10 2 1 (3) 12 11 8
13:    (0) 10 8 5 3 2 (1) 9 (2) 12 6 4 (3) 11 7 1
14:    (0) 12 8 (1) 10 7 5 2 (2) 9 6 1 (3) 11 4 3
15:    (0) 12 3 (1) 11 8 4 1 (2) 9 6 2 (3) 10 7 5
16:    (0) 6 4 (1) 12 11 8 5 1 (2) 10 2 (3) 9 7 3
17:    (0) 12 6 3 1 (1) 9 5 4 2 (2) 7 (3) 11 10 8
18:    (0) 8 6 5 4 (1) 9 3 1 (2) 12 10 7 2 (3) 11
19:    (0) 2 (1) 12 10 9 6 5 4 3 (2) 11 8 7 (3) 1
20:    (0) 12 9 7 6 (1) 8 5 (2) 10 1 (3) 11 4 3 2
21:    (0) 10 (1) 1 (2) 12 11 9 8 7 6 5 3 2 (3) 4
22:    (0) 11 9 7 4 (1) 12 8 5 3 (2) 6 (3) 10 2 1
23:    (0) 11 8 1 (1) 12 10 9 6 2 (2) 7 5 3 (3) 4
24:    (0) 7 1 (1) 5 4 2 (2) 10 9 8 6 3 (3) 12 11
25:    (0) 6 5 2 (1) 8 7 (2) 12 11 10 9 4 3 (3) 1
26:    (0) 12 8 3 2 1 (1) 11 9 4 (2) 6 5 (3) 10 7
27:    (0) 3 (1) 12 11 10 8 6 5 1 (2) 9 2 (3) 7 4
28:    (0) 11 9 6 2 (1) 12 10 5 1 (2) 7 3 (3) 8 4
29:    (0) 12 7 6 3 2 (1) 11 10 9 (2) 5 4 1 (3) 8
30:    (0) (1) 12 7 3 2 (2) 10 8 6 4 (3) 11 9 5 1
31:    (0) 6 5 1 (1) 8 7 4 3 (2) 12 10 9 2 (3) 11
32:    (0) 12 11 7 4 3 2 1 (1) 8 5 (2) 9 6 (3) 10
33:    (0) 8 (1) 12 9 4 (2) 10 6 5 2 (3) 11 7 3 1
34:    (0) 12 7 6 (1) 10 9 2 (2) 11 5 3 1 (3) 8 4
35:    (0) 10 7 6 3 1 (1) 11 5 (2) 9 2 (3) 12 8 4
36:    (0) 10 (1) 11 5 2 (2) 9 7 6 (3) 12 8 4 3 1
37:    (0) 9 7 5 2 (1) 10 8 3 1 (2) 6 4 (3) 12 11
38:    (0) 10 6 3 1 (1) 12 11 9 (2) 7 (3) 8 5 4 2
39:    (0) 10 8 6 4 1 (1) 2 (2) 11 9 7 5 3 (3) 12
40:    (0) 10 9 4 2 1 (1) 12 7 5 (2) 11 3 (3) 8 6
41:    (0) 10 7 4 1 (1) (2) 9 8 6 2 (3) 12 11 5 3
42:    (0) 12 11 6 2 (1) 8 5 (2) 1 (3) 10 9 7 4 3
43:    (0) 10 4 (1) 6 (2) 9 7 5 2 (3) 12 11 8 3 1
44:    (0) 6 2 (1) 12 10 5 (2) 11 9 8 7 (3) 4 3 1
45:    (0) 9 5 4 2 (1) 11 10 8 7 6 (2) 3 1 (3) 12
46:    (0) 6 2 (1) 11 3 (2) 9 7 (3) 12 10 8 5 4 1
47:    (0) 10 8 1 (1) 3 (2) 12 11 9 2 (3) 7 6 5 4
48:    (0) 3 (1) 11 8 7 4 2 (2) 9 6 1 (3) 12 10 5
49:    (0) 11 9 4 (1) 7 6 2 (2) 10 5 3 1 (3) 12 8
